ISS (ZARYA)             
1 25544U 98067A   22274.03874838  .00014927  00000+0  26492-3 0  9996
2 25544  51.6445 172.1493 0002537 314.1559  14.3121 15.50438125361599
AEROCUBE 12A            
1 43556U 18046C   22273.36517582  .00026968  00000+0  60670-3 0  9997
2 43556  51.6372  31.0817 0006572  49.9903 310.1658 15.43093273235497
AEROCUBE 12B            
1 43557U 18046D   22273.39585213  .00020470  00000+0  50908-3 0  9992
2 43557  51.6383  37.2006 0006873  49.0301 311.1278 15.40237443235366
LEMUR-2-VU              
1 43558U 18046E   22273.65420047  .00073403  00000+0  11066-2 0  9990
2 43558  51.6372   5.0205 0007033  45.8511 314.3057 15.54086345235868
LEMUR-2-ALEXANDER       
1 43559U 18046F   22273.64925707  .00134897  00000+0  18251-2 0  9991
2 43559  51.6381   2.0267 0005511  51.9503 308.1985 15.56746710235684
LEMUR-2-YUASA           
1 43560U 18046G   22273.71790231  .00119021  00000+0  16912-2 0  9997
2 43560  51.6396   4.7116 0004973  57.6568 302.4904 15.55491226235876
LEMUR-2-TOMHENDERSON    
1 43561U 18046H   22273.80539805  .00069469  00000+0  11420-2 0  9995
2 43561  51.6403   8.9972 0005456  62.2023 297.9519 15.51721064235385
STPSAT-4                
1 45043U 98067QY  22273.65631536  .01472534  11797-4  85003-3 0  9991
2 45043  51.6259 105.3741 0009043 276.4526  83.5462 16.18092454152214
ICS-EF (ISS DEB)        
1 45265U 98067RJ  22273.64331872  .00047853  00000+0  42728-3 0  9994
2 45265  51.6348 139.3923 0004509 218.2863 141.7814 15.67904069148117
RED-EYE 2 (MERLOT)      
1 45800U 98067RM  22273.57696140  .00144330  00000+0  63246-3 0  9999
2 45800  51.6347 123.1970 0004090 223.6897 136.3782 15.83681945130181
RED-EYE 3 (CABERNET)    
1 45809U 98067RN  22273.58074714  .00146261  00000+0  64199-3 0  9999
2 45809  51.6364 123.2372 0004418 222.4351 137.6311 15.83639038129166
ISS DEB                 
1 47853U 98067RZ  22273.69463950  .00013577  00000+0  20142-3 0  9999
2 47853  51.6401 165.3745 0002242  58.0002 302.1206 15.55536710 88280
MMSATS-1                
1 47976U 98067SJ  22273.88960817  .00037145  00000+0  38912-3 0  9991
2 47976  51.6398 153.6619 0001852  98.8379 351.6648 15.64033768 86738
CSS (TIANHE)            
1 48274U 21035A   22273.61012449  .00011144  00000+0  13037-3 0  9996
2 48274  41.4724 296.5504 0002938 289.1497 206.4590 15.61460336 81259
ISS DEB                 
1 48833U 98067SK  22273.85704075  .00124834  00000+0  74781-3 0  9999
2 48833  51.6291 144.5387 0002423 183.4133 176.6851 15.76921417 75715
RAMSAT                  
1 48850U 98067SL  22272.87833652  .00448614  96903-4  88512-3 0  9997
2 48850  51.6297 136.3859 0005917 219.8212 140.2364 15.99426287 73844
ISS (NAUKA)             
1 49044U 21066A   22273.53894250  .00014752  00000+0  26205-3 0  9994
2 49044  51.6446 174.6267 0002612 315.7600 101.1726 15.50422431361527
FREGAT DEB              
1 49271U 11037PF  22273.12080471  .00035968  00000+0  87374-1 0  9994
2 49271  51.7108 308.2855 1064093 255.6675  92.3900 11.96621695 59662
BINAR-1                 
1 49272U 98067SR  22273.53712133  .09259409  12338-4  77110-3 0  9993
2 49272  51.6113 133.8495 0008718 259.8641 100.1402 16.38718671 56327
1998-067TD              
1 51441U 98067TD  22273.75760519  .00173433  00000+0  10441-2 0  9993
2 51441  51.6295 153.6506 0005764 235.4721 124.5735 15.76630902 38699
PATCOOL                 
1 51442U 98067TE  22273.39396855  .00147268  00000+0  88872-3 0  9993
2 51442  51.6324 154.9440 0004884 234.3905 125.6641 15.76666854 38602
LIGHT-1                 
1 51509U 98067TG  22273.86888757  .00087512  00000+0  76555-3 0  9996
2 51509  51.6364 158.2109 0008360 246.3775 113.6345 15.68125240 37382
PROGRESS-MS 19          
1 51660U 22014A   22273.53894250  .00014752  00000+0  26205-3 0  9995
2 51660  51.6446 174.6267 0002612 315.7600 101.1726 15.50422431361524
IHI-SAT                 
1 52147U 98067TJ  22273.41658455  .00154782  00000+0  12745-2 0  9990
2 52147  51.6323 164.1449 0003107 221.8870 138.1890 15.69367604 29715
KITSUNE                 
1 52148U 98067TK  22273.90088490  .00036719  00000+0  44939-3 0  9991
2 52148  51.6398 165.7658 0001968 289.0031 150.0922 15.60016959 29674
CREW DRAGON 4           
1 52318U 22042A   22273.53894250  .00014752  00000+0  26205-3 0  9997
2 52318  51.6446 174.6267 0002612 315.7600 101.1726 15.50422431361525
TIANZHOU-4              
1 52509U 22050A   22273.21733854  .00012337  00000+0  14390-3 0  9994
2 52509  41.4717 298.9412 0002885 290.1239 154.6675 15.61455349 81197
PROGRESS-MS 20          
1 52795U 22059A   22273.53894250  .00014752  00000+0  26205-3 0  9994
2 52795  51.6446 174.6267 0002612 315.7600 101.1726 15.50422431361524
SHENZHOU 14             
1 52797U 22060A   22273.21733854  .00012337  00000+0  14390-3 0  9994
2 52797  41.4717 298.9412 0002885 290.1239 154.6675 15.61455349 81196
ISS DEB                 
1 52952U 98067TP  22273.72319687  .00123123  00000+0  14568-2 0  9999
2 52952  51.6393 170.7462 0002140 234.5736 125.5058 15.60363105 13972
CSS (WENTIAN)           
1 53239U 22085A   22273.21733854  .00012337  00000+0  14390-3 0  9993
2 53239  41.4717 298.9412 0002885 290.1239 154.6675 15.61455349 81198
1998-067TQ              
1 53305U 98067TQ  22273.82074005  .00066535  00000+0  96609-3 0  9995
2 53305  51.6395 172.1355 0002224 239.6818 120.3953 15.55178711 11060
YUZGU 8                 
1 53306U 98067TR  22273.80429353  .00076151  00000+0  10732-2 0  9991
2 53306  51.6389 172.0265 0002163 225.3477 134.7339 15.55931941 11067
1998-067TS              
1 53307U 98067TS  22273.80393464  .00075070  00000+0  10587-2 0  9992
2 53307  51.6388 172.0212 0002706 220.0088 140.0704 15.55918091 11092
YUZGU 9 (RS3S)          
1 53308U 98067TT  22273.80463056  .00075763  00000+0  10713-2 0  9998
2 53308  51.6389 172.0281 0002437 218.3689 141.7129 15.55843422 11126
YUZGU 7 (RS1S)          
1 53309U 98067TU  22273.80094933  .00076417  00000+0  10726-2 0  9994
2 53309  51.6384 172.0013 0002024 236.5753 123.5045 15.56040071 11070
YUZGU 11 (RS5S)         
1 53310U 98067TV  22273.80425968  .00074908  00000+0  10591-2 0  9995
2 53310  51.6389 172.0264 0001856 232.9869 127.0953 15.55851890 11104
YUZGU 12 (RS6S)         
1 53311U 98067TW  22273.79504228  .00081712  00000+0  11360-2 0  9997
2 53311  51.6382 171.9611 0002788 210.1005 149.9826 15.56268416 11128
TSIOLKOVSKY-RYAZAN 1 (*)
1 53312U 98067TX  22273.79901939  .00077174  00000+0  10829-2 0  9994
2 53312  51.6389 171.9901 0001920 243.5271 116.5524 15.56044309 11061
TSIOLKOVSKY-RYAZAN 2 (*)
1 53313U 98067TY  22273.79706980  .00076647  00000+0  10742-2 0  9992
2 53313  51.6389 171.9775 0001542 233.1414 126.9436 15.56080360 11115
YUZGU 10 (RS4S)         
1 53321U 98067TZ  22273.80428048  .00075275  00000+0  10610-2 0  9999
2 53321  51.6391 172.0285 0002232 222.4134 137.6685 15.55932995 11116
YUZGU UA                
1 53322U 98067UA  22273.80269857  .00077917  00000+0  10956-2 0  9999
2 53322  51.6389 172.0154 0002334 218.4469 141.6356 15.55983124 11062
HSU-SAT1                
1 53462U 98067UB  22273.13948193  .00045579  00000+0  69362-3 0  9992
2 53462  51.6392 175.8308 0005022 307.8042  52.2493 15.54046088  7589
FUTABA                  
1 53463U 98067UC  22273.77332368  .00062422  00000+0  92123-3 0  9991
2 53463  51.6385 172.5646 0004834 306.9183  53.1364 15.54752905  7687
TUMNANOSAT              
1 53464U 98067UD  22273.70012154  .00077337  00000+0  11127-2 0  9998
2 53464  51.6385 172.8262 0004656 304.1520  55.9030 15.55355433  7677
1998-067UE              
1 53767U 98067UE  22273.76484568  .00041792  00000+0  67634-3 0  9993
2 53767  51.6409 173.2605 0002806 357.7714   2.3263 15.52389833  3791
BEAVERCUBE              
1 53768U 98067UF  22273.44508076  .00035017  00000+0  57182-3 0  9990
2 53768  51.6408 174.8732 0000724  17.2489 342.8525 15.52224616  3759
CLICK-A                 
1 53769U 98067UG  22273.44153555  .00060924  00000+0  96471-3 0  9998
2 53769  51.6419 174.8535 0000997 336.2673  23.8270 15.52833824  3754
1998-067UH              
1 53770U 98067UH  22273.11329105  .00060948  00000+0  94356-3 0  9996
2 53770  51.6411 176.4077 0001883 328.6464  31.4414 15.53457675  3702
JAGSAT                  
1 53771U 98067UJ  22273.69062721  .00085688  00000+0  13062-2 0  9990
2 53771  51.6397 173.5157 0001876 327.8741  32.2135 15.53736424  3783
ISS DEB                 
1 53772U 98067UK  22273.44801900  .00048256  00000+0  78095-3 0  9992
2 53772  51.6408 174.8908 0002811 265.7206  94.3463 15.52325550  3743
SOYUZ-MS 22             
1 53879U 22116A   22273.53894250  .00014752  00000+0  26205-3 0  9992
2 53879  51.6446 174.6267 0002612 315.7600 101.1726 15.50422431361528